2836.71542462
2950.75835462
3037.79038462
3108.82749462
3236.92245462
3333.97521462
3421.00724462
3535.05017462
3636.09785462
3733.15061462
3862.19320462
3977.22014462
4133.32125462
4246.40531462
4374.46389462
4431.48535462
4546.51229462
4732.59160462
4819.62363462
4906.65566462
5003.70842462
5117.75135462
5303.83066462
5466.89399462
5553.92602462
5690.98493462
5838.05334462
5951.13740462
6098.20581462
6155.22727462
6212.24873462
6343.28922462
6440.34198462
6596.44309462
6724.53805462
6827.54724462
6958.58773462
7057.65614462
7160.66533462
7275.69227462
7374.76068462
7503.80327462
7632.84586462
7733.89354462
7880.96195462
7980.03036462
8051.06747462
8188.12638462
8287.19479462
8450.25812462
8563.34218462
8749.42149462
8935.50080462
9032.55356462
9218.63287462
9332.67580462
9495.73913462
9608.82319462
9737.86578462
9794.88724462
9941.95565462
9998.97711462
10185.0564246
10314.0990146
10415.1466946
10472.1681546
10585.2522146
10698.3362746
10861.3996046
11008.4680146
11171.5313446
11357.6106546
11414.6321146
11577.6954446
11691.7383746
11828.7972846
11943.8242246
12090.8926346
12253.9559646
12440.0352746
12553.1193346
12640.1513646
12754.1942946
12917.2576246
13103.3369346
13240.3958446
13327.4278746
13398.4649846
13485.4970146
13572.5290446
13728.6301546
13884.7312646
13941.7527246
14028.7847546