990
65 198
379 146
811 952
54 318
16 498
16 87
154 13
361 674
830 198
380 926
109 243
38 36
850 771
454 254
233 320
370 88
433 452
241 714
1 586
971 350
652 592
522 292
117 602
24 10
499 638
215 224
436 887
533 232
23 9
4 435
91 7
485 345
443 82
88 455
267 202
739 461
618 603
155 209
230 601
53 23
691 851
857 33
386 591
175 70
796 609
129 366
138 220
512 73
57 54
770 315
59 122
92 109
822 2
233 63
70 964
302 756
360 593
144 26
723 112
28 35
943 182
47 213
639 236
47 164
254 129
848 825
214 165
835 698
162 301
143 358
182 735
882 155
52 17
633 925
102 4
256 98
463 172
594 36
561 628
17 3
456 85
502 267
616 251
124 610
289 685
967 510
16 604
937 90
506 659
473 361
139 385
518 49
814 586
424 613
423 264
277 14
280 244
523 138
583 729
133 597
424 646
270 258
134 63
961 370
273 983
324 341
416 262
388 91
935 67
736 642
24 372
716 358
798 945
163 804
322 432
508 170
257 557
471 269
453 278
263 351
101 68
115 162
906 757
38 166
886 822
252 784
701 539
129 227
143 185
11 1
264 91
181 52
190 375
865 417
27 223
970 476
752 125
537 573
78 149
7 5
563 585
741 166
136 11
523 923
554 951
110 13
644 461
39 121
302 177
52 303
143 274
45 494
1 12
334 335
266 112
52 839
86 168
268 629
406 255
372 894
464 50
76 19
612 370
94 496
915 893
897 629
871 702
237 296
120 275
44 81
969 840
584 217
262 698
6 32
737 908
348 228
285 768
582 558
13 59
590 392
20 210
815 469
922 779
128 18
178 932
14 546
249 506
244 655
528 811
217 331
924 707
265 487
627 268
333 270
222 236
947 639
603 410
139 744
651 380
611 355
812 900
658 435
36 438
909 652
460 766
308 193
748 171
777 750
624 392
451 524
44 24
276 260
141 54
4 13
842 461
151 541
550 828
78 41
548 637
35 95
487 507
226 48
390 710
190 77
31 41
84 17
365 985
858 881
598 713
356 678
35 219
265 236
122 428
181 466
4 1
653 438
286 64
162 172
272 569
570 66
97 4
988 826
306 472
142 12
4 26
807 151
37 1
323 855
591 648
576 911
72 130
291 40
160 32
140 134
49 641
480 441
323 703
792 512
114 625
896 864
10 31
492 20
476 121
452 790
57 269
749 121
49 25
528 163
847 84
294 403
562 20
152 394
218 190
99 397
456 833
235 104
237 337
184 780
867 813
229 124
433 81
757 445
466 675
850 956
918 944
31 942
409 49
56 345
230 537
549 490
116 414
120 287
45 138
605 281
76 159
411 396
461 264
71 245
886 904
34 58
283 85
156 62
477 205
171 216
57 642
738 662
623 269
299 11
253 74
820 733
837 957
910 214
13 45
593 683
462 281
412 696
15 36
929 252
901 433
19 66
166 400
12 69
157 364
162 592
34 16
46 35
59 671
511 724
57 565
384 317
42 212
581 53
344 223
119 57
25 18
312 162
250 261
170 71
205 812
677 283
493 544
2 92
556 425
50 34
228 191
118 112
518 695
279 799
595 314
634 196
398 106
2 29
205 43
88 18
201 97
907 478
96 4
327 420
515 785
775 583
663 510
895 889
529 483
419 20
263 916
429 92
770 776
229 418
321 413
802 616
879 39
92 126
963 599
386 220
343 231
513 50
182 99
563 15
260 928
317 883
424 974
304 134
6 240
135 9
633 413
224 294
930 425
914 145
4 279
115 129
206 482
795 365
90 22
521 377
133 35
21 85
123 184
391 332
441 171
791 203
315 979
29 231
905 466
960 889
125 95
271 177
631 461
24 737
531 274
534 290
740 708
374 771
231 353
890 483
79 70
527 381
224 292
725 8
707 565
122 715
667 644
588 11
968 897
826 403
92 377
70 33
608 140
949 942
127 360
105 750
809 819
574 202
281 229
793 852
323 378
763 120
146 85
588 720
447 789
765 698
721 526
180 94
47 395
186 401
392 273
199 282
311 550
329 60
347 192
17 55
156 319
141 189
186 95
120 866
173 44
509 607
624 687
6 877
430 290
39 1
142 691
938 216
754 266
142 501
448 347
93 90
645 335
65 100
1 3
615 284
68 561
29 65
676 207
142 288
5 8
70 650
917 250
843 457
486 837
444 620
79 617
408 68
870 899
105 200
64 424
684 192
365 264
538 323
689 521
596 321
195 145
155 8
88 478
36 98
103 249
188 444
465 45
9 4
779 126
323 306
946 454
527 661
45 326
27 179
313 731
64 63
728 328
66 215
747 53
725 726
208 297
122 858
721 774
362 679
59 560
338 540
40 18
543 434
439 169
711 424
700 537
70 959
539 418
514 371
212 572
37 176
898 647
743 183
36 115
412 579
328 85
578 542
27 60
708 170
425 262
670 403
234 19
167 99
243 486
131 324
446 497
568 435
745 335
441 808
235 491
62 34
201 759
833 918
467 184
614 236
583 504
379 829
111 831
176 313
202 86
448 526
371 390
229 870
286 884
491 589
821 393
165 71
403 845
417 348
354 216
750 872
469 407
853 201
553 27
171 132
806 321
643 413
14 242
330 545
14 12
16 9
393 186
576 416
818 846
191 325
825 751
827 759
694 233
702 564
141 407
73 10
27 978
63 51
483 712
353 864
70 520
277 666
254 500
300 63
21 295
199 284
199 490
211 90
447 859
499 18
12 535
106 91
376 160
389 51
118 262
39 157
106 137
68 49
168 206
977 748
954 223
313 383
47 481
431 32
742 310
327 19
261 421
361 250
1 10
312 912
120 564
195 692
981 433
234 668
889 846
347 989
677 873
49 755
101 525
191 83
663 690
68 72
331 878
939 120
30 734
382 87
669 198
28 238
794 68
152 121
366 764
542 185
38 143
87 849
600 390
575 5
300 380
44 203
517 345
599 586
786 655
342 280
38 83
225 817
415 166
113 664
107 86
903 778
15 488
580 432
204 65
986 867
657 95
355 319
124 660
27 28
753 249
315 215
289 169
6 5
272 434
606 535
74 153
880 756
841 742
442 78
457 331
609 58
335 503
730 713
48 422
451 163
140 169
144 699
129 530
840 383
102 183
832 555
446 28
816 721
246 39
374 370
863 987
241 203
50 902
209 371
187 106
68 151
222 130
760 491
436 21
798 570
86 85
113 838
97 113
348 751
184 188
139 68
571 116
112 74
306 296
207 102
228 483
217 27
248 160
809 566
862 363
178 28
844 927
521 688
155 732
363 369
346 221
863 755
788 63
275 934
120 127
88 470
132 35
319 410
54 3
114 62
201 854
137 273
166 856
122 194
598 172
296 797
162 314
958 142
402 228
158 163
63 805
509 397
368 26
680 164
772 449
35 278
323 919
46 48
468 450
47 16
927 948
359 71
955 168
12 150
450 3
322 64
476 619
990 666
177 65
20 15
297 672
182 558
42 30
66 310
22 82
250 105
153 174
14 285
332 289
489 56
635 400
258 118
888 100
476 656
532 529
363 36
58 120
110 577
2 1
192 43
259 58
19 161
116 399
392 813
154 697
874 941
294 440
339 319
1 5
354 810
767 913
103 101
746 77
577 975
19 30
442 552
622 285
86 89
953 833
9 373
166 510
125 965
673 552
126 293
134 793
33 317
69 260
367 222
2 230
22 199
767 22
860 95
543 973
535 686
28 225
70 148
150 362
475 246
8 19
27 251
71 116
682 594
980 527
536 402
244 96
247 154
453 834
21 2
18 10
149 349
163 352
196 36
311 292
566 138
380 547
769 266
100 193
298 110
548 347
239 128
240 305
484 27
241 381
300 662
97 681
950 763
5 99
56 19
221 20
892 13
427 335
62 632
300 876
33 232
474 304
933 19
61 8
76 105
180 309
947 982
693 302
74 77
405 113
330 229
567 511
124 587
697 875
555 20
327 626
15 6
152 630
5 874
782 36
2 316
237 6
426 279
268 195
954 962
443 505
31 108
479 401
6 117
100 350
27 6
187 437
460 76
144 445
40 396
223 787
118 208
23 51
647 370
640 501
621 272
22 5
158 13
169 272
82 197
16 123
321 129
818 167
706 347
885 43
449 128
12 33
193 704
290 182
844 309
75 31
936 607
148 504
976 242
459 220
972 21
551 58
891 382
20 71
257 55
359 387
141 824
214 921
346 516
13 43
414 717
559 366
711 940
364 649
774 778
966 5
339 554
302 334
22 74
141 338
116 340
334 781
920 187
78 80
412 83
727 183
131 72
336 57
46 357
20 761
783 155
253 801
733 75
517 868
495 35
493 402
512 709
344 458
800 635
46 758
719 141
733 984
85 404
699 705
111 38
931 560
590 836
232 255
893 163
194 307
6 94
511 375
252 126
599 654